000050
000150
000910
000970
000990
001040
001570
001790
002310
002390
002410
003220
003310
003490
004370
005010
005385
006620
006660
007370
007570
008490
008700
008930
009270
009780
010770
011690
013580
013990
014280
014580
016360
017860
018470
021880
024840
025320
025900
025980
028300
031440
032350
032820
033500
035510
036890
037950
038460
038500
041440
041910
042670
046120
046890
046970
047560
048410
048470
052400
052420
058820
058850
059270
060310
063170
066310
067160
071090
071970
077500
077970
078600
078930
084690
086960
086980
090410
090710
092790
093520
094940
100840
103840
107600
108230
108490
112040
115450
123420
124500
126880
131030
134580
136480
137400
138610
140430
148150
159580
161390
163280
172670
173130
180400
180640
199480
200230
203650
204840
210120
214680
215380
217730
220100
223250
226400
227100
232140
234100
234300
234690
237820
239340
240810
242040
246250
249420
250060
251270
254490
257720
261200
277810
282720
282880
289220
293580
293780
294630
298020
298830
302430
302550
307750
309710
317690
321820
323280
328130
332570
333430
336370
340450
348350
348370
351330
356680
356890
370090
376900
377220
377480
380550
383310
388610
389020
389260
389680
399720
417010
419120
422420
432430
435570
439090
446540
452190
452400
454910
456160
457480
461300
462310
462510
462870
464080
464280
465480
469750
473980
475830
476060
482630
484120
484870
486630
520055
900290
950220
